22092
32527
30195
46
3450
14224
399
20539
3567
2203
10858
18420
32036
12315
27606
5685
11289
25177
29440
5441
9870
27752
18376
8271
17014
21952
30672
25157
17321
17705
30675
451
26585
11483
12089
20067
28359
483
25064
21311
29366
712
27740
29364
9504
20847
1530
28518
17321
25660
32161
1668
22865
4730
9347
32590
8173
16381
23347
21460
5592
27653
29950
22272
7142
10086
25983
31702
12185
13798
27758
8699
5528
24295
13241
2932
2140
12614
5078
24497
16173
16002
29271
24522
24909
4385
28351
12296
14707
25167
20884
23207
15738
21193
29109
28634
15963
11001
1006
26384
