22092
46
399
451
483
712
1006
1530
1668
2140
2203
2932
3450
3567
4385
4730
5078
5441
5528
5592
5685
7142
8173
8271
8699
9347
9504
9870
10086
10858
11001
11289
11483
12089
12185
12296
12315
12614
13241
13798
14224
14707
15738
15963
16002
16173
16381
17014
17321
17321
17705
18376
18420
20067
20539
20847
20884
21193
21311
21460
21952
22272
22865
23207
23347
24295
24497
24522
24909
25064
25157
25167
25177
25660
25983
26384
26585
27606
27653
27740
27752
27758
28351
28359
28518
28634
29109
29271
29364
29366
29440
29950
30195
30672
30675
31702
32036
32161
32527
32590
